tree
version=v4
num_class=1
num_tree_per_iteration=1
label_index=0
max_feature_idx=9
objective=binary sigmoid:1
feature_names=Column_0 Column_1 Column_2 Column_3 Column_4 Column_5 Column_6 Column_7 Column_8 Column_9
feature_infos=[-3.0195121558208253:2.9490944253087252] [-2.9403886346642802:3.1099185560053608] [-4.9498859144060541:4.4236968901319349] [-7.1323889247860635:6.9698858975745983] [-4.753176428482309:3.4532646097073032] [-3.552555197098437:4.060627317831023] [-4.3877224727306539:4.9622889024134693] [-8.0139673421147091:7.2644926640209873] [-3.6644262577078965:4.1109622859048027] [-4.6845093246052603:4.5799525758946205]
tree_sizes=858 766 864 865 867 872 866 867 870 768 869 770 872 866 867 874 666 666 769 870 874 665 769 771 770 867 669 877 761 666 873 566 774 567 769 870 568 666 668 665

Tree=0
num_leaves=7
num_cat=0
split_feature=5 7 5 6 5 3
split_gain=93.5932 15.1466 14.3511 12.8639 2.35001 1.13751
threshold=-0.095647341671501115 -3.3470660834992443 1.2061105280326807 0.27451226864964123 -0.57135635855324152 1.1455906172653851
decision_type=2 2 2 2 2 2
left_child=1 -1 3 -2 -3 -4
right_child=2 4 5 -5 -6 -7
leaf_value=-0.5387129159148929 -0.55800303970304355 -0.72357660221800302 -0.31645714183402707 -0.40038242296039178 -0.65678177703202167 -0.38439192560968805
leaf_weight=6.220799893140792 12.671999782323843 24.883199572563171 5.2991999089717847 8.7551998496055585 6.6815998852252987 4.6079999208450317
leaf_count=27 55 108 23 38 29 20
internal_value=-0.575364 -0.68133 -0.447581 -0.493599 -0.709438 -0.348055
internal_weight=69.12 37.7856 31.3344 21.4272 31.5648 9.9072
internal_count=300 164 136 93 137 43
is_linear=0
shrinkage=1


Tree=1
num_leaves=6
num_cat=0
split_feature=5 7 7 5 5
split_gain=75.6917 13.1115 10.5836 8.62379 2.1553
threshold=-0.095647341671501115 -3.3470660834992443 1.4445772326338242 1.2061105280326807 -0.57135635855324152
decision_type=2 2 2 2 2
left_child=1 -1 3 -2 -3
right_child=2 4 -4 -5 -6
leaf_value=0.032641161944161771 0.051238611270330317 -0.14008143215598889 0.23443485674312448 0.18181323933564345 -0.075177717472047795
leaf_weight=6.2830172181129447 19.752315193414692 23.752923667430878 5.7388664782047263 6.7990702390670767 6.5211136490106609
leaf_count=27 84 108 24 28 29
internal_value=-0.000274063 -0.0988182 0.111292 0.0846751 -0.126101
internal_weight=68.8473 36.5571 32.2903 26.5514 30.274
internal_count=300 164 136 112 137
is_linear=0
shrinkage=0.1


Tree=2
num_leaves=7
num_cat=0
split_feature=5 5 3 8 8 0
split_gain=62.3186 10.7823 11.2498 9.26358 4.596 0.553942
threshold=-0.35610629084542328 0.83928053024120908 0.32469375803562728 0.36564452176541673 0.45623640943871524 -0.56917749765803671
decision_type=2 2 2 2 2 2
left_child=3 2 -2 5 -3 -1
right_child=1 4 -4 -5 -6 -7
leaf_value=-0.10801663294025945 -0.014039966676027402 0.22137085703538403 0.13323235844017248 -0.013113985113697785 0.10812870162017676 -0.14521581874075029
leaf_weight=5.1583628058433595 13.432645007967951 5.9291536211967459 8.4495047479867917 8.1998206079006177 9.0610706359148008 17.874375104904175
leaf_count=24 57 24 36 38 37 84
internal_value=-0.000453802 0.0875847 0.0428273 -0.10439 0.15292 -0.136885
internal_weight=68.1049 36.8724 21.8821 31.2326 14.9902 23.0327
internal_count=300 154 93 146 61 108
is_linear=0
shrinkage=0.1


Tree=3
num_leaves=7
num_cat=0
split_feature=5 6 5 6 8 6
split_gain=51.5745 9.12658 8.63526 9.38782 3.70194 0.598643
threshold=-0.35610629084542328 2.1496531218603603 0.83928053024120908 0.61054306669770597 0.45623640943871524 1.2806218380165184
decision_type=2 2 2 2 2 2
left_child=1 5 3 -2 -4 -1
right_child=2 -3 4 -5 -6 -7
leaf_value=-0.13452695189470468 -0.0096705934275550503 0.0070856246770776427 0.19741076205767968 0.127108680833766 0.096247207683725661 -0.092461632643738689
leaf_weight=19.399103447794921 14.354662626981737 6.4516949504613867 5.9797255694866172 7.7147567868232718 9.1558718234300596 4.0977783650159827
leaf_count=96 61 30 24 32 37 20
internal_value=-0.000586588 -0.0982643 0.0780401 0.038143 0.136215 -0.127191
internal_weight=67.1536 29.9486 37.205 22.0694 15.1356 23.4969
internal_count=300 146 154 93 61 116
is_linear=0
shrinkage=0.1


Tree=4
num_leaves=7
num_cat=0
split_feature=5 8 7 7 6 9
split_gain=43.1851 11.7258 17.1705 6.55369 7.52985 0.710605
threshold=-0.095647341671501115 0.36564452176541673 -2.3159051492801699 1.4445772326338242 0.27451226864964123 -0.44457072006655868
decision_type=2 2 2 2 2 2
left_child=1 5 -3 4 -2 -1
right_child=3 2 -4 -5 -6 -7
leaf_value=-0.10119571507925235 0.018555900305119191 0.14816805085846799 -0.10822544634838793 0.17490891912547329 0.12733610777526949 -0.1379593738387557
leaf_weight=8.6077876687049866 17.134231925010685 4.6529659181833267 5.9547046273946744 5.9358298927545539 10.122800603508948 13.508835300803185
leaf_count=45 71 21 29 24 41 69
internal_value=-0.000676647 -0.0821949 0.00423942 0.0796909 0.058955 -0.123651
internal_weight=65.9172 32.7243 10.6077 33.1929 27.257 22.1166
internal_count=300 164 50 136 112 114
is_linear=0
shrinkage=0.1


Tree=5
num_leaves=7
num_cat=0
split_feature=5 8 6 0 5 7
split_gain=36.4675 13.5607 12.0866 6.49203 7.29681 1.19224
threshold=-0.0075724966605154589 0.36564452176541673 1.2806218380165184 0.84491923131879232 0.53814501337135245 -0.23409801478377065
decision_type=2 2 2 2 2 2
left_child=1 5 -3 4 -2 -1
right_child=3 2 -4 -5 -6 -7
leaf_value=-0.12829268759003032 -0.022807922525652186 -0.073263424852236345 0.12930052066937398 0.17893856887328044 0.094098146068770372 -0.06758387607407311
leaf_weight=18.348284780979156 7.7530927956104341 6.8173515647649747 5.186736211180687 5.3687222301959983 17.146585613489151 3.9273157417774227
leaf_count=100 32 33 23 22 70 20
internal_value=-0.000788364 -0.0714181 0.0142606 0.0792015 0.0576967 -0.117589
internal_weight=64.5481 34.2797 12.0041 30.2684 24.8997 22.2756
internal_count=300 176 56 124 102 120
is_linear=0
shrinkage=0.1


Tree=6
num_leaves=7
num_cat=0
split_feature=5 5 3 8 3 1
split_gain=31.5779 7.58063 15.1202 4.58535 0.783471 0.39206
threshold=-0.62967477517210269 1.2061105280326807 2.3186712704178354 0.81060140684482518 1.1455906172653851 0.22199730654581104
decision_type=2 2 2 2 2 2
left_child=3 2 -2 5 -3 -1
right_child=1 4 -4 -5 -6 -7
leaf_value=-0.13030809154529674 -0.0043916594422921491 0.15072813916107866 0.18841158326276655 0.00051338053062219876 0.095699299514357988 -0.10029078384971718
leaf_weight=10.956972151994711 25.781154856085781 5.51055660843849 4.8294608592987052 3.94795899093151 4.8771553635597229 7.2173181027173987
leaf_count=63 112 23 20 19 20 43
internal_value=-0.000879986 0.0510762 0.0260271 -0.0971685 0.124891 -0.118388
internal_weight=63.1206 40.9983 30.6106 22.1222 10.3877 18.1743
internal_count=300 175 132 125 43 106
is_linear=0
shrinkage=0.1


Tree=7
num_leaves=7
num_cat=0
split_feature=5 6 9 9 8 3
split_gain=26.7178 7.06787 16.8138 12.0389 4.62922 0.363863
threshold=-0.62967477517210269 0.27451226864964123 1.0648930975114834 0.54170109008966849 0.86268087796283288 -1.4813068907506421
decision_type=2 2 2 2 2 2
left_child=4 2 -2 -3 5 -1
right_child=1 3 -4 -5 -6 -7
leaf_value=-0.12634096796625105 -0.02629384619677665 0.15719825679342958 0.17747847385322646 -0.037918789187572494 0.0080072073172603592 -0.096540444909456125
leaf_weight=10.459122091531757 20.461790293455127 10.796958431601523 5.048270419239997 4.4720155745744696 3.7463016957044593 6.7359386384487161
leaf_count=65 89 45 21 20 18 42
internal_value=-0.000908596 0.0462402 0.0140313 0.100052 -0.0927212 -0.114667
internal_weight=61.7204 40.779 25.5101 15.269 20.9414 17.1951
internal_count=300 175 110 65 125 107
is_linear=0
shrinkage=0.1


Tree=8
num_leaves=7
num_cat=0
split_feature=5 8 6 0 1 7
split_gain=22.8685 10.1576 9.61954 4.71977 6.07402 1.24118
threshold=-0.0075724966605154589 0.36564452176541673 1.2806218380165184 0.84491923131879232 -0.69013441319021651 -0.060341225606319895
decision_type=2 2 2 2 2 2
left_child=1 5 -3 4 -2 -1
right_child=3 2 -4 -5 -6 -7
leaf_value=-0.11864495888965912 -0.049120297323149008 -0.070042559194548756 0.11122176010714402 0.14699696258784581 0.069917942317590687 -0.05022711519115694
leaf_weight=15.67206394672394 5.5415694862604203 6.5404941141605359 5.3002857118844986 5.3060019463300696 18.926496461033821 3.1914925426244762
leaf_count=103 23 33 23 22 79 17
internal_value=-0.000946658 -0.0615 0.0110967 0.0614986 0.042958 -0.107069
internal_weight=60.4784 30.7043 11.8408 29.7741 24.4681 18.8636
internal_count=300 176 56 124 102 120
is_linear=0
shrinkage=0.1


Tree=9
num_leaves=6
num_cat=0
split_feature=5 7 6 6 6
split_gain=19.9584 6.89775 9.19851 4.44872 0.340655
threshold=-0.62967477517210269 1.6880814465362062 0.27451226864964123 2.1496531218603603 -1.2785401150409228
decision_type=2 2 2 2 2
left_child=3 2 -2 4 -1
right_child=1 -3 -4 -5 -6
leaf_value=-0.084555148359725371 -0.020155995719531392 0.14527939955594585 0.084237083788875733 -0.0040904332603414204 -0.12303272921378657
leaf_weight=2.9109973460435876 20.575276017189026 5.2831729650497428 14.311729446053503 4.8935118913650504 10.97860499471426
leaf_count=22 90 23 62 27 76
internal_value=-0.000992052 0.0387949 0.0226693 -0.0860818 -0.114969
internal_weight=58.9533 40.1702 34.887 18.7831 13.8896
internal_count=300 175 152 125 98
is_linear=0
shrinkage=0.1


Tree=10
num_leaves=7
num_cat=0
split_feature=5 7 7 5 2 3
split_gain=17.0381 8.77361 7.01061 4.18792 5.84238 0.777936
threshold=-0.0075724966605154589 -3.3470660834992443 0.27259877471195659 1.2061105280326807 0.25169478824420222 1.1455906172653851
decision_type=2 2 2 2 2 2
left_child=1 -1 -3 4 -2 -5
right_child=3 2 -4 5 -6 -7
leaf_value=0.059647513232171961 -0.019618824789393922 -0.10475099836742033 0.054628176815538165 0.13341806567985587 0.091736396790765923 0.076713603523576257
leaf_weight=5.3284951001405743 11.507421091198927 19.931815430521969 3.203470140695571 5.076489642262457 7.9782027751207343 4.6224122643470764
leaf_count=27 48 134 15 23 33 20
internal_value=-0.000989093 -0.0560378 -0.0826823 0.0527001 0.0259745 0.106393
internal_weight=57.6483 28.4638 23.1353 29.1845 19.4856 9.6989
internal_count=300 176 149 124 81 43
is_linear=0
shrinkage=0.1


Tree=11
num_leaves=6
num_cat=0
split_feature=5 7 6 6 6
split_gain=14.9765 5.62326 7.88934 3.98268 0.353544
threshold=-0.62967477517210269 1.6880814465362062 0.27451226864964123 2.1496531218603603 -1.2785401150409228
decision_type=2 2 2 2 2
left_child=3 2 -2 4 -1
right_child=1 -3 -4 -5 -6
leaf_value=-0.077184781189508625 -0.021391476149111209 0.13251184877777894 0.076128041478846512 -0.0024645708170411432 -0.11892649808957612
leaf_weight=2.5754722431302079 20.263059392571449 4.9534997045993796 14.046463683247564 4.7992277294397345 9.5646687000989914
leaf_count=22 90 23 62 27 76
internal_value=-0.000993506 0.0329132 0.0185334 -0.0795843 -0.110071
internal_weight=56.2024 39.263 34.3095 16.9394 12.1401
internal_count=300 175 152 125 98
is_linear=0
shrinkage=0.1


Tree=12
num_leaves=7
num_cat=0
split_feature=5 8 6 0 0 7
split_gain=12.7839 8.7507 7.03778 4.29429 5.16845 1.2937
threshold=-0.0075724966605154589 0.36564452176541673 1.2806218380165184 0.84491923131879232 -0.18475603626972062 0.035360538072922124
decision_type=2 2 2 2 2 2
left_child=1 5 -3 4 -2 -1
right_child=3 2 -4 -5 -6 -7
leaf_value=-0.11238468501927279 0.065952357865415576 -0.058333727753223576 0.10188110503690982 0.12967944811834828 -0.029969297514020218 -0.035637232779953558
leaf_weight=12.868628449738027 14.064974963665012 5.8074069917201978 5.1938745081424713 5.0063777267932883 9.3525219559669495 2.6483805850148192
leaf_count=105 62 33 23 22 40 15
internal_value=-0.000976912 -0.0509168 0.0173062 0.045615 0.027643 -0.0992857
internal_weight=54.9422 26.5183 11.0013 28.4239 23.4175 15.517
internal_count=300 176 56 124 102 120
is_linear=0
shrinkage=0.1


Tree=13
num_leaves=7
num_cat=0
split_feature=7 8 2 1 4 9
split_gain=11.6377 9.37693 7.54779 5.43263 5.15364 2.36844
threshold=0.27259877471195659 0.65494037887978929 0.38428806637332874 0.60219709000572907 1.0306670297822811 0.64104102721527734
decision_type=2 2 2 2 2 2
left_child=1 3 -3 -1 5 -2
right_child=4 2 -4 -5 -6 -7
leaf_value=-0.10258980550247743 0.065544246982392751 -0.01658435665903581 0.13436281511885159 0.011048964117745773 -0.0062618369305798257 0.16261563263756784
leaf_weight=16.288329295814041 4.9864809066057187 11.396943256258966 4.6699690371751776 5.6717040166258803 5.4526317864656439 5.0682154595851898
leaf_count=114 23 55 20 40 26 22
internal_value=-0.000990546 -0.0307648 0.0272896 -0.0732399 0.0720216 0.114474
internal_weight=53.5343 38.0269 16.0669 21.96 15.5073 10.0547
internal_count=300 229 75 154 71 45
is_linear=0
shrinkage=0.1


Tree=14
num_leaves=7
num_cat=0
split_feature=5 5 3 7 3 1
split_gain=10.1116 4.91531 8.78033 4.47612 0.968491 0.43778
threshold=-0.62967477517210269 1.2061105280326807 2.3186712704178354 -3.6057506199243412 1.1455906172653851 0.22199730654581104
decision_type=2 2 2 2 2 2
left_child=3 2 -2 -1 -3 -5
right_child=1 4 -4 5 -6 -7
leaf_value=0.037783046307009592 -0.017471599596228907 0.12309670475571943 0.13337817638489638 -0.11731637531378691 0.056954634546816534 -0.07827996392077452
leaf_weight=2.9725289195775977 24.4116579964757 4.624831944704054 4.5829029083251944 6.3832155466079694 4.2465303391218185 5.2240429520606995
leaf_count=17 112 23 20 60 20 48
internal_value=-0.00094522 0.0263009 0.00637183 -0.0717077 0.0914359 -0.0997474
internal_weight=52.4457 37.8659 28.9946 14.5798 8.87136 11.6073
internal_count=300 175 132 125 43 108
is_linear=0
shrinkage=0.1


Tree=15
num_leaves=7
num_cat=0
split_feature=5 6 9 9 7 1
split_gain=8.63061 4.89319 10.1447 5.94288 4.73137 0.458532
threshold=-0.62967477517210269 0.61054306669770597 1.0648930975114834 0.51255128528716265 -3.797721159875068 0.22199730654581104
decision_type=2 2 2 2 2 2
left_child=4 2 -2 -3 -1 -6
right_child=1 3 -4 -5 5 -7
leaf_value=0.049498632037229692 -0.028991816407893528 0.13253041334837498 0.13538131040021784 -0.017106551086767129 -0.11578417451715789 -0.074842630293773652
leaf_weight=2.727046623826026 21.332772836089138 7.3302714079618436 4.5567213445901862 4.1605381220579147 6.1410352066159231 4.9328870251774788
leaf_count=15 101 33 21 20 62 48
internal_value=-0.000908718 0.0240429 -6.10644e-05 0.0783506 -0.0684908 -0.0975467
internal_weight=51.1813 37.3803 25.8895 11.4908 13.801 11.0739
internal_count=300 175 122 53 125 110
is_linear=0
shrinkage=0.1


Tree=16
num_leaves=5
num_cat=0
split_feature=5 3 6 8
split_gain=8.55903 8.69678 10.9799 3.38979
threshold=0.83928053024120908 2.3186712704178354 0.57937798140478114 0.45623640943871524
decision_type=2 2 2 2
left_child=1 2 -1 -2
right_child=3 -3 -4 -5
leaf_value=-0.096765010290469189 0.13992223872101156 0.11557608934038355 0.017827827828773277 0.031735678120606174
leaf_weight=17.313729926943779 4.5042541325092307 3.9438103884458533 16.171130873262882 8.1122866868972761
leaf_count=124 24 18 97 37
internal_value=-0.000870467 -0.0248808 -0.0414237 0.0703596
internal_weight=50.0452 37.4287 33.4849 12.6165
internal_count=300 239 221 61
is_linear=0
shrinkage=0.1


Tree=17
num_leaves=5
num_cat=0
split_feature=5 3 6 8
split_gain=7.16527 7.27247 9.83183 3.12467
threshold=0.83928053024120908 2.3186712704178354 0.16891475186370988 0.45623640943871524
decision_type=2 2 2 2
left_child=1 2 -1 -2
right_child=3 -3 -4 -5
leaf_value=-0.10527658124943125 0.13508793735669269 0.10754019121977015 0.0065507918274573841 0.02879912431751679
leaf_weight=13.116247516125439 4.2138506397604933 3.8211058825254431 19.626563221216202 8.0489865541458112
leaf_count=101 24 18 120 37
internal_value=-0.000825317 -0.0230102 -0.0382455 0.0653229
internal_weight=48.8268 36.5639 32.7428 12.2628
internal_count=300 239 221 61
is_linear=0
shrinkage=0.1


Tree=18
num_leaves=6
num_cat=0
split_feature=5 7 7 8 7
split_gain=6.51666 4.87462 6.36554 1.6725 0.011485
threshold=-1.2958684713714199 -2.9111413429606539 0.27259877471195659 0.36564452176541673 -3.0847170410997671
decision_type=2 2 2 2 2
left_child=3 -2 -3 4 -1
right_child=1 2 -4 -5 -6
leaf_value=-0.1180042418555152 0.11749695121759413 -0.030519753816864299 0.056026991775574679 -0.0097553788980491302 -0.1088444777496967
leaf_weight=2.3019073531031609 4.2041416838765135 21.535960301756859 14.037812151014803 2.1939695477485657 3.3771434277296057
leaf_count=19 20 129 71 14 47
internal_value=-0.000785362 0.0156669 0.00363257 -0.0839095 -0.112557
internal_weight=47.6509 39.7779 35.5738 7.87302 5.67905
internal_count=300 220 200 80 66
is_linear=0
shrinkage=0.1


Tree=19
num_leaves=7
num_cat=0
split_feature=5 8 7 6 5 6
split_gain=6.01033 6.34636 8.60917 2.14292 3.18737 0.674689
threshold=0.53814501337135245 -0.43545841155263298 -3.258277328675224 0.27451226864964123 1.2061105280326807 -0.63642913086189445
decision_type=2 2 2 2 2 2
left_child=1 5 -3 4 -2 -1
right_child=3 2 -4 -5 -6 -7
leaf_value=-0.060492602111862775 -0.03536079871589403 0.1458744663766616 -0.026185802832751532 0.10449188644345986 0.069713169116732032 -0.12198452610084723
leaf_weight=2.6222900226712227 5.0342273712158221 3.4456415921449688 18.638313177973032 4.7410564795136443 6.7684691399335861 5.5835329778492468
leaf_count=31 22 17 117 25 35 53
internal_value=-0.000767031 -0.0272423 0.000659843 0.0477062 0.0248958 -0.102334
internal_weight=46.8335 30.2898 22.084 16.5438 11.8027 8.20582
internal_count=300 218 134 82 57 84
is_linear=0
shrinkage=0.1


Tree=20
num_leaves=7
num_cat=0
split_feature=5 7 6 9 9 1
split_gain=5.27953 3.49519 3.40215 8.80127 8.00032 0.593126
threshold=-0.62967477517210269 -3.797721159875068 0.27451226864964123 0.56032552063393837 0.54170109008966849 0.22199730654581104
decision_type=2 2 2 2 2 2
left_child=1 -1 3 -2 -4 -3
right_child=2 5 4 -5 -6 -7
leaf_value=0.043077865409811192 -0.048979838010431737 -0.11316103455652267 0.11007465011072842 0.089630780819452679 -0.060864286396035285 -0.060720668388680892
leaf_weight=2.5455611646175376 14.719986520707609 4.8952538743615133 9.1529712900519353 6.6506075784564009 3.9065125286579123 3.8555815741419792
leaf_count=15 76 62 45 34 20 48
internal_value=-0.000733679 -0.0600553 0.0187295 -0.0058437 0.0589413 -0.090056
internal_weight=45.7265 11.2964 34.4301 21.3706 13.0595 8.75084
internal_count=300 125 175 110 65 110
is_linear=0
shrinkage=0.1


Tree=21
num_leaves=5
num_cat=0
split_feature=5 3 6 3
split_gain=4.87169 6.4667 9.00329 0.931716
threshold=1.2061105280326807 2.3186712704178354 0.27451226864964123 1.1455906172653851
decision_type=2 2 2 2
left_child=1 2 -1 -2
right_child=3 -3 -4 -5
leaf_value=-0.087519108169733448 0.10768062120225784 0.10356151645809127 0.017316678035368845 0.037480027366987086
leaf_weight=14.991031184792517 3.7674911245703688 4.0558591410517684 18.061643209308386 3.7950471863150597
leaf_count=118 23 20 119 20
internal_value=-0.000700203 -0.0156084 -0.0302316 0.0724524
internal_weight=44.6711 37.1085 33.0527 7.56254
internal_count=300 257 237 43
is_linear=0
shrinkage=0.1


Tree=22
num_leaves=6
num_cat=0
split_feature=5 7 7 8 7
split_gain=4.61397 3.27621 4.04342 1.54557 0.00724265
threshold=-1.2958684713714199 1.6880814465362062 -2.9111413429606539 0.36564452176541673 -3.16577847100289
decision_type=2 2 2 2 2
left_child=3 2 -2 4 -1
right_child=1 -3 -4 -5 -6
leaf_value=-0.11502174476966975 0.098628565196080709 0.10290913175274691 -0.0094528220324948467 -0.0057282677314318157 -0.10686044577405303
leaf_weight=1.792213402688503 3.9217325672507277 3.6588223576545706 29.485883202403784 2.0619601532816887 2.7648907192051402
leaf_count=17 20 23 177 14 49
internal_value=-0.000659627 0.0130737 0.00323489 -0.0775657 -0.11007
internal_weight=43.6855 37.0664 33.4076 6.61906 4.5571
internal_count=300 220 197 80 66
is_linear=0
shrinkage=0.1


Tree=23
num_leaves=6
num_cat=0
split_feature=5 7 7 0 0
split_gain=4.30037 4.43603 3.228 3.10561 3.11377
threshold=-0.0075724966605154589 -3.797721159875068 0.27259877471195659 0.84491923131879232 -0.18475603626972062
decision_type=2 2 2 2 2
left_child=1 -1 -3 4 -2
right_child=3 2 -4 -5 -6
leaf_value=0.069496415475067713 0.044346143768715318 -0.079711913728575223 0.038392053902033089 0.10694165390419974 -0.035810046689813697
leaf_weight=3.2788718119263676 11.719391331076626 12.835479341447352 2.8232427835464469 4.0796157494187346 8.2635630294680595
leaf_count=19 62 142 15 22 40
internal_value=-0.000623454 -0.0362707 -0.058418 0.0274315 0.0111991
internal_weight=43.0002 18.9376 15.6587 24.0626 19.983
internal_count=300 176 157 124 102
is_linear=0
shrinkage=0.1


Tree=24
num_leaves=6
num_cat=0
split_feature=5 8 7 1 8
split_gain=3.85558 4.42636 5.65553 4.48712 2.92947
threshold=0.83928053024120908 0.33938735214077947 -3.258277328675224 -0.07368176919676335 0.45623640943871524
decision_type=2 2 2 2 2
left_child=1 3 -3 -1 -2
right_child=4 2 -4 -5 -6
leaf_value=-0.12227812441644968 0.12820439549435045 0.15231770448966539 -0.0084018296372817183 -0.0084768823312456314 0.015749627989685409
leaf_weight=6.3548906929790974 3.3767552748322469 2.5694957226514843 14.803094707429407 7.6184054911136645 7.3777929544448853
leaf_count=63 24 12 86 78 37
internal_value=-0.000606299 -0.0183322 0.0153694 -0.0602323 0.0510586
internal_weight=42.1004 31.3459 17.3726 13.9733 10.7545
internal_count=300 239 98 141 61
is_linear=0
shrinkage=0.1


Tree=25
num_leaves=7
num_cat=0
split_feature=7 9 6 4 0 8
split_gain=3.73656 5.60403 13.8875 4.09551 2.00851 1.40309
threshold=0.27259877471195659 0.61036120141033867 0.88529130629806063 1.0306670297822811 -0.15948257094021567 0.36564452176541673
decision_type=2 2 2 2 2 2
left_child=1 2 -1 4 -2 -3
right_child=3 5 -4 -5 -6 -7
leaf_value=-0.044398148731782994 0.14750857210182436 -0.12920851766180461 0.13683759257500824 -0.031549635138424396 0.045953653657640474 -0.042299773696092613
leaf_weight=15.122479256242519 3.3059233650565139 4.5296160802245131 5.8688271455466738 4.4876965135335913 4.7393563762307158 3.1490917131304741
leaf_count=126 20 50 32 26 25 21
internal_value=-0.00055693 -0.0204675 0.00627241 0.0449899 0.0876841 -0.0935666
internal_weight=41.203 28.67 20.9913 12.533 8.04528 7.67871
internal_count=300 229 158 71 45 71
is_linear=0
shrinkage=0.1


Tree=26
num_leaves=5
num_cat=0
split_feature=5 6 9 9
split_gain=3.43466 2.45733 12.5124 8.75922
threshold=1.4964870870532312 0.27451226864964123 0.56032552063393837 0.56032552063393837
decision_type=2 2 2 2
left_child=1 3 -3 -1
right_child=-2 2 -4 -5
leaf_value=-0.080095695788669166 0.085602691574409362 0.085796078822340527 -0.089568231188450198 0.067865681907442868
leaf_weight=13.197866983711721 4.1530278772115699 10.382492426782848 6.6907292641699305 5.7415917422622433
leaf_count=111 28 62 62 37
internal_value=-0.000508508 -0.010439 0.0170735 -0.0352405
internal_weight=40.1657 36.0127 17.0732 18.9395
internal_count=300 272 124 148
is_linear=0
shrinkage=0.1


Tree=27
num_leaves=7
num_cat=0
split_feature=5 8 7 0 0 9
split_gain=3.19825 3.01538 4.96549 2.59553 2.30016 0.634777
threshold=-0.024392481410853369 -0.3870868826806439 -3.3470660834992443 0.84491923131879232 -0.18475603626972062 -0.88999359824034785
decision_type=2 2 2 2 2 2
left_child=1 5 -3 4 -2 -1
right_child=3 2 -4 -5 -6 -7
leaf_value=-0.037496195824461724 0.038751862367752042 0.12453996511819863 -0.040831795113749313 0.099478738715684814 -0.030565717311424434 -0.11616406300494207
leaf_weight=1.3795435931533573 10.966530706733469 2.3387121558189365 8.1187535505741835 3.7374233379960051 8.495573066174984 3.9991522729396811
leaf_count=25 62 13 78 22 43 57
internal_value=-0.00049778 -0.0351427 -0.00384798 0.0231511 0.00849344 -0.0959871
internal_weight=39.0357 15.8362 10.4575 23.1995 19.4621 5.3787
internal_count=300 173 91 127 105 82
is_linear=0
shrinkage=0.1


Tree=28
num_leaves=6
num_cat=0
split_feature=7 2 6 4 0
split_gain=2.89256 5.23355 4.28565 3.32231 1.94532
threshold=0.27259877471195659 1.4107921448684086 0.88529130629806063 1.0306670297822811 -0.15948257094021567
decision_type=2 2 2 2 2
left_child=1 2 -1 4 -2
right_child=3 -3 -4 -5 -6
leaf_value=-0.068903042310118318 0.14318256190003947 0.10772768938940683 0.018912925326905944 -0.029068885007646057 0.039245493053827948
leaf_weight=14.266836509108549 3.002592746168375 2.9002594538033 9.1034388244152051 4.341235376894474 4.498799264430998
leaf_count=133 20 19 77 26 25
internal_value=-0.000475843 -0.0189725 -0.034696 0.0405553 0.0808485
internal_weight=38.1132 26.2705 23.3703 11.8426 7.50139
internal_count=300 229 210 71 45
is_linear=0
shrinkage=0.1


Tree=29
num_leaves=5
num_cat=0
split_feature=5 6 9 9
split_gain=2.77569 1.98856 10.2692 6.88635
threshold=1.4964870870532312 0.27451226864964123 0.56032552063393837 1.0648930975114834
decision_type=2 2 2 2
left_child=1 3 -3 -1
right_child=-2 2 -4 -5
leaf_value=-0.062976048793213571 0.079851665756752774 0.079381669106782515 -0.085109590971933283 0.096789586693666219
leaf_weight=14.293459365144374 3.8640715815126887 9.8293808735907096 6.1825579963624469 3.3255800418555728
leaf_count=123 28 62 62 25
internal_value=-0.000416958 -0.00963952 0.015868 -0.0328204
internal_weight=37.495 33.631 16.0119 17.619
internal_count=300 272 124 148
is_linear=0
shrinkage=0.1


Tree=30
num_leaves=7
num_cat=0
split_feature=5 1 8 7 7 8
split_gain=2.52519 2.65897 3.25428 2.59218 4.47418 4.10344
threshold=-0.024392481410853369 0.82196841473326765 0.7823495586331386 -2.3159051492801699 0.27259877471195659 0.36564452176541673
decision_type=2 2 2 2 2 2
left_child=3 2 -2 5 -5 -1
right_child=1 -3 -4 4 -6 -7
leaf_value=-0.083305116115557104 -0.0089309077316699469 -0.052600128264676041 0.076223037916515399 -0.11329102041023519 0.047957838189352786 0.087331336145108934
leaf_weight=2.3673218376934519 8.283105626702314 4.0321123301982871 9.7950513958930951 6.1455480828881246 2.389950305223465 3.4824793040752411
leaf_count=34 51 23 53 102 14 23
internal_value=-0.000387875 0.0208294 0.0372069 -0.0329989 -0.0681411 0.0182775
internal_weight=36.4956 22.1103 18.0782 14.3853 8.5355 5.8498
internal_count=300 127 104 173 116 57
is_linear=0
shrinkage=0.1


Tree=31
num_leaves=4
num_cat=0
split_feature=7 5 6
split_gain=2.43953 2.14408 2.89322
threshold=1.6880814465362062 1.2061105280326807 0.88529130629806063
decision_type=2 2 2
left_child=1 2 -1
right_child=-2 -3 -4
leaf_value=-0.043055012997857606 0.087732896010330005 0.05412577927744644 0.023563291370333504
leaf_weight=17.807325599715117 2.8849238641560069 4.7273989841341963 10.284195395186542
leaf_count=161 23 29 87
internal_value=-0.000430997 -0.00818098 -0.0186663
internal_weight=35.7038 32.8189 28.0915
internal_count=300 277 248
is_linear=0
shrinkage=0.1


Tree=32
num_leaves=6
num_cat=0
split_feature=5 7 8 8 7
split_gain=2.09809 1.77535 2.59815 1.20553 0.00173758
threshold=-1.2958684713714199 -2.3159051492801699 2.1552404558584466 0.36564452176541673 -3.258277328675224
decision_type=2 2 2 2 2
left_child=3 -2 -3 4 -1
right_child=1 2 -4 -5 -6
leaf_value=-0.10918364945505565 0.063118935591669353 0.0092113258114079593 -0.092982754699241443 0.0034180418049242316 -0.10397802404746835
leaf_weight=1.0285922363400457 5.0299397110939053 23.055854942649606 2.7886937446892253 1.5978240594267843 1.7025552559643977
leaf_count=15 33 171 16 14 51
internal_value=-0.000378183 0.00876319 -0.00181568 -0.065575 -0.105939
internal_weight=35.2035 30.8745 25.8445 4.32897 2.73115
internal_count=300 220 187 80 66
is_linear=0
shrinkage=0.1


Tree=33
num_leaves=4
num_cat=0
split_feature=7 7 5
split_gain=2.08852 2.46544 3.34196
threshold=1.6880814465362062 0.93438470273539487 1.2061105280326807
decision_type=2 2 2
left_child=1 2 -1
right_child=-2 -3 -4
leaf_value=-0.013037792436676663 0.083744634945805876 -0.10854732116869133 0.085056596315471689
leaf_weight=25.948080323636535 2.7215383648872367 2.245497338473796 4.0097574070096007
leaf_count=239 23 12 26
internal_value=-0.000374457 -0.00748345 9.18168e-05
internal_weight=34.9249 32.2033 29.9578
internal_count=300 277 265
is_linear=0
shrinkage=0.1


Tree=34
num_leaves=6
num_cat=0
split_feature=7 2 3 3 6
split_gain=1.93114 4.07284 3.83981 2.77273 0.93377
threshold=0.27259877471195659 1.4107921448684086 -0.39092125744292827 1.7775312468265849 0.10528015569064726
decision_type=2 2 2 2 2
left_child=1 2 -1 4 -2
right_child=3 -3 -4 -5 -6
leaf_value=-0.0039568455460793793 0.039874894930840926 0.10032197444069629 -0.098457248932331279 -0.023088635755220823 0.11778640812256323
leaf_weight=14.984182077459993 3.0780293457210046 2.6573407594114533 6.0300985425710705 4.7174589298665524 3.0751126781105995
leaf_count=162 21 19 48 30 20
internal_value=-0.000300631 -0.0163237 -0.031074 0.0345908 0.0788122
internal_weight=34.5422 23.6716 21.0143 10.8706 6.15314
internal_count=300 229 210 71 41
is_linear=0
shrinkage=0.1


Tree=35
num_leaves=7
num_cat=0
split_feature=5 8 7 1 8 9
split_gain=1.76522 2.33053 3.24067 2.19998 3.01299 0.727654
threshold=-0.024392481410853369 -0.3870868826806439 -3.3470660834992443 0.82196841473326765 0.7823495586331386 -0.7739559373318613
decision_type=2 2 2 2 2 2
left_child=1 5 -3 4 -2 -1
right_child=3 2 -4 -5 -6 -7
leaf_value=-0.0222886858958984 -0.012562583067606665 0.11394102067310806 -0.032258896957085684 -0.049566306834406576 0.071616328125590559 -0.1153615264214754
leaf_weight=1.1536339856684206 7.8319875933229985 1.9489071667194338 6.8277941495180139 3.959621660411357 9.3020317144691926 3.0897434446960679
leaf_count=27 51 13 78 23 53 55
internal_value=-0.000258653 -0.0292124 0.000205472 0.0176131 0.033138 -0.0900581
internal_weight=34.1137 13.0201 8.7767 21.0936 17.134 4.24338
internal_count=300 173 91 127 104 82
is_linear=0
shrinkage=0.1


Tree=36
num_leaves=4
num_cat=0
split_feature=7 7 7
split_gain=1.77816 2.04331 2.64092
threshold=1.6880814465362062 0.93438470273539487 0.27259877471195659
decision_type=2 2 2
left_child=1 2 -1
right_child=-2 -3 -4
leaf_value=-0.015090216500722243 0.079903573198782635 -0.099208942735269243 0.060062942863035942
leaf_weight=22.863111785613007 2.556750424206256 2.2241142168641082 5.8779802843928328
leaf_count=229 23 12 36
internal_value=-0.000248167 -0.00686618 0.000279721
internal_weight=33.522 30.9652 28.7411
internal_count=300 277 265
is_linear=0
shrinkage=0.1


Tree=37
num_leaves=5
num_cat=0
split_feature=7 6 9 2
split_gain=1.52488 1.67266 10.06 3.38812
threshold=1.6880814465362062 0.88529130629806063 0.64104102721527734 -0.42692148879143305
decision_type=2 2 2 2
left_child=1 3 -3 -1
right_child=-2 2 -4 -5
leaf_value=-0.064823790600680206 0.076266545001430874 0.11886436968009106 -0.085202806018567431 0.015563204706453965
leaf_weight=9.8583860117942113 2.4181072264909735 5.423947010189293 4.3557099048048258 11.199349904432895
leaf_count=105 23 37 53 82
internal_value=-0.000202798 -0.00619912 0.027976 -0.0220708
internal_weight=33.2555 30.8374 9.77966 21.0577
internal_count=300 277 90 187
is_linear=0
shrinkage=0.1


Tree=38
num_leaves=5
num_cat=0
split_feature=9 8 1 2
split_gain=1.50541 2.4332 5.54956 3.15219
threshold=-2.1836973706112923 0.65494037887978929 -0.07368176919676335 0.22591309139548368
decision_type=2 2 2 2
left_child=-1 2 -2 -3
right_child=1 3 -4 -5
leaf_value=-0.075909923936080911 -0.086763862581950776 0.0053452896586471807 0.033009866272579923 0.10789317089194671
leaf_weight=2.4277765322476617 7.0896759945899239 10.170150909572838 8.514105957932772 4.2501826770603648
leaf_count=22 85 71 97 25
internal_value=-0.000167707 0.00595688 -0.0214101 0.0355698
internal_weight=32.4519 30.0241 15.6038 14.4203
internal_count=300 278 182 96
is_linear=0
shrinkage=0.1


Tree=39
num_leaves=5
num_cat=0
split_feature=5 6 9 9
split_gain=1.43956 1.72983 6.39189 5.18863
threshold=1.4964870870532312 0.27451226864964123 0.56032552063393837 1.0648930975114834
decision_type=2 2 2 2
left_child=1 3 -3 -1
right_child=-2 2 -4 -5
leaf_value=-0.058035636556818808 0.063788331200578696 0.070426610382989405 -0.07243869474202666 0.091560780994316679
leaf_weight=12.466144016012551 3.1725261807441703 8.669333176687358 4.9026889726519576 2.848246516659855
leaf_count=123 28 62 62 25
internal_value=-0.000153324 -0.00717588 0.0188187 -0.030213
internal_weight=32.0589 28.8864 13.572 15.3144
internal_count=300 272 124 148
is_linear=0
shrinkage=0.1


end of trees

feature_importances:
Column_5=44
Column_7=42
Column_6=30
Column_8=26
Column_9=19
Column_3=14
Column_0=11
Column_1=10
Column_2=6
Column_4=3

parameters:
[boosting: gbdt]
[objective: binary]
[metric: binary_logloss]
[tree_learner: serial]
[device_type: cpu]
[data_sample_strategy: bagging]
[data: ]
[valid: ]
[num_iterations: 40]
[learning_rate: 0.1]
[num_leaves: 31]
[num_threads: 16]
[seed: 42]
[deterministic: 0]
[force_col_wise: 0]
[force_row_wise: 0]
[histogram_pool_size: -1]
[max_depth: 3]
[min_data_in_leaf: 20]
[min_sum_hessian_in_leaf: 0.001]
[bagging_fraction: 1]
[pos_bagging_fraction: 1]
[neg_bagging_fraction: 1]
[bagging_freq: 0]
[bagging_seed: 400]
[bagging_by_query: 0]
[feature_fraction: 1]
[feature_fraction_bynode: 1]
[feature_fraction_seed: 30056]
[extra_trees: 0]
[extra_seed: 12879]
[early_stopping_round: 0]
[early_stopping_min_delta: 0]
[first_metric_only: 0]
[max_delta_step: 0]
[lambda_l1: 0]
[lambda_l2: 0]
[linear_lambda: 0]
[min_gain_to_split: 0]
[drop_rate: 0.1]
[max_drop: 50]
[skip_drop: 0.5]
[xgboost_dart_mode: 0]
[uniform_drop: 0]
[drop_seed: 17869]
[top_rate: 0.2]
[other_rate: 0.1]
[min_data_per_group: 100]
[max_cat_threshold: 32]
[cat_l2: 10]
[cat_smooth: 10]
[max_cat_to_onehot: 4]
[top_k: 20]
[monotone_constraints: ]
[monotone_constraints_method: basic]
[monotone_penalty: 0]
[feature_contri: ]
[forcedsplits_filename: ]
[refit_decay_rate: 0.9]
[cegb_tradeoff: 1]
[cegb_penalty_split: 0]
[cegb_penalty_feature_lazy: ]
[cegb_penalty_feature_coupled: ]
[path_smooth: 0]
[interaction_constraints: ]
[verbosity: -1]
[saved_feature_importance_type: 0]
[use_quantized_grad: 0]
[num_grad_quant_bins: 4]
[quant_train_renew_leaf: 0]
[stochastic_rounding: 1]
[linear_tree: 0]
[max_bin: 255]
[max_bin_by_feature: ]
[min_data_in_bin: 3]
[bin_construct_sample_cnt: 200000]
[data_random_seed: 175]
[is_enable_sparse: 1]
[enable_bundle: 1]
[use_missing: 1]
[zero_as_missing: 0]
[feature_pre_filter: 1]
[pre_partition: 0]
[two_round: 0]
[header: 0]
[label_column: ]
[weight_column: ]
[group_column: ]
[ignore_column: ]
[categorical_feature: ]
[forcedbins_filename: ]
[precise_float_parser: 0]
[parser_config_file: ]
[objective_seed: 16083]
[num_class: 1]
[is_unbalance: 0]
[scale_pos_weight: 1]
[sigmoid: 1]
[boost_from_average: 1]
[reg_sqrt: 0]
[alpha: 0.9]
[fair_c: 1]
[poisson_max_delta_step: 0.7]
[tweedie_variance_power: 1.5]
[lambdarank_truncation_level: 30]
[lambdarank_norm: 1]
[label_gain: ]
[lambdarank_position_bias_regularization: 0]
[eval_at: ]
[multi_error_top_k: 1]
[auc_mu_weights: ]
[num_machines: 1]
[local_listen_port: 12400]
[time_out: 120]
[machine_list_filename: ]
[machines: ]
[gpu_platform_id: -1]
[gpu_device_id: -1]
[gpu_use_dp: 0]
[num_gpu: 1]

end of parameters

pandas_categorical:null
